800	4.51E-27
800.5	4.60E-27
801	4.69E-27
801.5	4.78E-27
802	4.87E-27
802.5	4.96E-27
803	5.05E-27
803.5	5.14E-27
804	5.24E-27
804.5	5.33E-27
805	5.43E-27
805.5	5.52E-27
806	5.62E-27
806.5	5.71E-27
807	5.81E-27
807.5	5.90E-27
808	6.00E-27
808.5	6.10E-27
809	6.20E-27
809.5	6.30E-27
810	6.39E-27
810.5	6.49E-27
811	6.59E-27
811.5	6.69E-27
812	6.79E-27
812.5	6.89E-27
813	7.00E-27
813.5	7.10E-27
814	7.20E-27
814.5	7.30E-27
815	7.40E-27
815.5	7.51E-27
816	7.61E-27
816.5	7.71E-27
817	7.82E-27
817.5	7.93E-27
818	8.03E-27
818.5	8.14E-27
819	8.25E-27
819.5	8.36E-27
820	8.47E-27
820.5	8.58E-27
821	8.69E-27
821.5	8.80E-27
822	8.92E-27
822.5	9.03E-27
823	9.15E-27
823.5	9.27E-27
824	9.39E-27
824.5	9.52E-27
825	9.64E-27
825.5	9.77E-27
826	9.90E-27
826.5	1.00E-26
827	1.02E-26
827.5	1.03E-26
828	1.05E-26
828.5	1.06E-26
829	1.08E-26
829.5	1.09E-26
830	1.11E-26
830.5	1.12E-26
831	1.14E-26
831.5	1.16E-26
832	1.18E-26
832.5	1.20E-26
833	1.22E-26
833.5	1.24E-26
834	1.26E-26
834.5	1.28E-26
835	1.30E-26
835.5	1.33E-26
836	1.35E-26
836.5	1.38E-26
837	1.40E-26
837.5	1.43E-26
838	1.46E-26
838.5	1.49E-26
839	1.52E-26
839.5	1.55E-26
840	1.59E-26
840.5	1.62E-26
841	1.66E-26
841.5	1.70E-26
842	1.74E-26
842.5	1.78E-26
843	1.83E-26
843.5	1.87E-26
844	1.92E-26
844.5	1.97E-26
845	2.02E-26
845.5	2.08E-26
846	2.13E-26
846.5	2.19E-26
847	2.25E-26
847.5	2.32E-26
848	2.39E-26
848.5	2.46E-26
849	2.53E-26
849.5	2.60E-26
850	2.68E-26
850.5	2.77E-26
851	2.85E-26
851.5	2.94E-26
852	3.03E-26
852.5	3.13E-26
853	3.23E-26
853.5	3.33E-26
854	3.44E-26
854.5	3.55E-26
855	3.67E-26
855.5	3.79E-26
856	3.91E-26
856.5	4.04E-26
857	4.18E-26
857.5	4.32E-26
858	4.46E-26
858.5	4.61E-26
859	4.76E-26
859.5	4.92E-26
860	5.09E-26
860.5	5.26E-26
861	5.44E-26
861.5	5.62E-26
862	5.81E-26
862.5	6.00E-26
863	6.20E-26
863.5	6.41E-26
864	6.62E-26
864.5	6.84E-26
865	7.07E-26
865.5	7.30E-26
866	7.55E-26
866.5	7.79E-26
867	8.05E-26
867.5	8.31E-26
868	8.58E-26
868.5	8.86E-26
869	9.14E-26
869.5	9.43E-26
870	9.74E-26
870.5	1.00E-25
871	1.04E-25
871.5	1.07E-25
872	1.10E-25
872.5	1.14E-25
873	1.17E-25
873.5	1.21E-25
874	1.24E-25
874.5	1.28E-25
875	1.32E-25
875.5	1.36E-25
876	1.40E-25
876.5	1.44E-25
877	1.48E-25
877.5	1.52E-25
878	1.57E-25
878.5	1.61E-25
879	1.66E-25
879.5	1.71E-25
880	1.75E-25
880.5	1.80E-25
881	1.85E-25
881.5	1.90E-25
882	1.95E-25
882.5	2.00E-25
883	2.06E-25
883.5	2.11E-25
884	2.17E-25
884.5	2.22E-25
885	2.28E-25
885.5	2.33E-25
886	2.39E-25
886.5	2.45E-25
887	2.51E-25
887.5	2.57E-25
888	2.63E-25
888.5	2.70E-25
889	2.76E-25
889.5	2.82E-25
890	2.89E-25
890.5	2.95E-25
891	3.02E-25
891.5	3.08E-25
892	3.15E-25
892.5	3.22E-25
893	3.28E-25
893.5	3.35E-25
894	3.42E-25
894.5	3.49E-25
895	3.56E-25
895.5	3.63E-25
896	3.70E-25
896.5	3.77E-25
897	3.84E-25
897.5	3.91E-25
898	3.98E-25
898.5	4.05E-25
899	4.12E-25
899.5	4.19E-25
900	4.25E-25
900.5	4.32E-25
901	4.39E-25
901.5	4.46E-25
902	4.52E-25
902.5	4.59E-25
903	4.65E-25
903.5	4.71E-25
904	4.78E-25
904.5	4.84E-25
905	4.90E-25
905.5	4.95E-25
906	5.01E-25
906.5	5.06E-25
907	5.12E-25
907.5	5.17E-25
908	5.22E-25
908.5	5.26E-25
909	5.31E-25
909.5	5.35E-25
910	5.39E-25
910.5	5.43E-25
911	5.47E-25
911.5	5.50E-25
912	5.53E-25
912.5	5.56E-25
913	5.59E-25
913.5	5.62E-25
914	5.64E-25
914.5	5.66E-25
915	5.67E-25
915.5	5.69E-25
916	5.70E-25
916.5	5.71E-25
917	5.72E-25
917.5	5.72E-25
918	5.73E-25
918.5	5.73E-25
919	5.73E-25
919.5	5.72E-25
920	5.72E-25
920.5	5.71E-25
921	5.70E-25
921.5	5.69E-25
922	5.67E-25
922.5	5.65E-25
923	5.64E-25
923.5	5.62E-25
924	5.59E-25
924.5	5.57E-25
925	5.55E-25
925.5	5.52E-25
926	5.49E-25
926.5	5.46E-25
927	5.43E-25
927.5	5.39E-25
928	5.36E-25
928.5	5.32E-25
929	5.28E-25
929.5	5.24E-25
930	5.20E-25
930.5	5.16E-25
931	5.11E-25
931.5	5.07E-25
932	5.02E-25
932.5	4.97E-25
933	4.92E-25
933.5	4.87E-25
934	4.82E-25
934.5	4.77E-25
935	4.71E-25
935.5	4.66E-25
936	4.60E-25
936.5	4.54E-25
937	4.48E-25
937.5	4.43E-25
938	4.37E-25
938.5	4.31E-25
939	4.25E-25
939.5	4.19E-25
940	4.13E-25
940.5	4.07E-25
941	4.01E-25
941.5	3.95E-25
942	3.90E-25
942.5	3.84E-25
943	3.78E-25
943.5	3.73E-25
944	3.68E-25
944.5	3.63E-25
945	3.58E-25
945.5	3.53E-25
946	3.48E-25
946.5	3.44E-25
947	3.40E-25
947.5	3.36E-25
948	3.32E-25
948.5	3.29E-25
949	3.26E-25
949.5	3.23E-25
950	3.21E-25
950.5	3.19E-25
951	3.17E-25
951.5	3.15E-25
952	3.14E-25
952.5	3.13E-25
953	3.12E-25
953.5	3.12E-25
954	3.11E-25
954.5	3.12E-25
955	3.12E-25
955.5	3.13E-25
956	3.13E-25
956.5	3.14E-25
957	3.16E-25
957.5	3.17E-25
958	3.19E-25
958.5	3.21E-25
959	3.23E-25
959.5	3.25E-25
960	3.27E-25
960.5	3.29E-25
961	3.31E-25
961.5	3.34E-25
962	3.36E-25
962.5	3.38E-25
963	3.41E-25
963.5	3.43E-25
964	3.45E-25
964.5	3.48E-25
965	3.50E-25
965.5	3.53E-25
966	3.56E-25
966.5	3.60E-25
967	3.65E-25
967.5	3.72E-25
968	3.82E-25
968.5	3.97E-25
969	4.18E-25
969.5	4.48E-25
970	4.88E-25
970.5	5.42E-25
971	6.10E-25
971.5	6.96E-25
972	7.98E-25
972.5	9.17E-25
973	1.05E-24
973.5	1.19E-24
974	1.33E-24
974.5	1.47E-24
975	1.59E-24
975.5	1.69E-24
976	1.76E-24
976.5	1.80E-24
977	1.79E-24
977.5	1.75E-24
978	1.67E-24
978.5	1.56E-24
979	1.42E-24
979.5	1.28E-24
980	1.13E-24
980.5	9.81E-25
981	8.44E-25
981.5	7.20E-25
982	6.14E-25
982.5	5.24E-25
983	4.52E-25
983.5	3.95E-25
984	3.50E-25
984.5	3.17E-25
985	2.91E-25
985.5	2.72E-25
986	2.58E-25
986.5	2.47E-25
987	2.38E-25
987.5	2.31E-25
988	2.24E-25
988.5	2.18E-25
989	2.13E-25
989.5	2.08E-25
990	2.03E-25
990.5	1.98E-25
991	1.93E-25
991.5	1.88E-25
992	1.84E-25
992.5	1.80E-25
993	1.76E-25
993.5	1.72E-25
994	1.68E-25
994.5	1.64E-25
995	1.60E-25
995.5	1.57E-25
996	1.54E-25
996.5	1.51E-25
997	1.48E-25
997.5	1.45E-25
998	1.42E-25
998.5	1.39E-25
999	1.37E-25
999.5	1.35E-25
1000	1.32E-25
1000.5	1.30E-25
1001	1.28E-25
1001.5	1.26E-25
1002	1.25E-25
1002.5	1.23E-25
1003	1.21E-25
1003.5	1.20E-25
1004	1.18E-25
1004.5	1.17E-25
1005	1.16E-25
1005.5	1.15E-25
1006	1.13E-25
1006.5	1.12E-25
1007	1.11E-25
1007.5	1.10E-25
1008	1.09E-25
1008.5	1.08E-25
1009	1.07E-25
1009.5	1.06E-25
1010	1.05E-25
1010.5	1.04E-25
1011	1.03E-25
1011.5	1.02E-25
1012	1.01E-25
1012.5	1.00E-25
1013	9.95E-26
1013.5	9.85E-26
1014	9.75E-26
1014.5	9.65E-26
1015	9.55E-26
1015.5	9.45E-26
1016	9.34E-26
1016.5	9.24E-26
1017	9.13E-26
1017.5	9.01E-26
1018	8.90E-26
1018.5	8.78E-26
1019	8.67E-26
1019.5	8.55E-26
1020	8.42E-26
1020.5	8.30E-26
1021	8.17E-26
1021.5	8.05E-26
1022	7.92E-26
1022.5	7.79E-26
1023	7.65E-26
1023.5	7.52E-26
1024	7.39E-26
1024.5	7.25E-26
1025	7.11E-26
1025.5	6.98E-26
1026	6.84E-26
1026.5	6.70E-26
1027	6.56E-26
1027.5	6.43E-26
1028	6.29E-26
1028.5	6.15E-26
1029	6.01E-26
1029.5	5.88E-26
1030	5.74E-26
1030.5	5.60E-26
1031	5.47E-26
1031.5	5.34E-26
1032	5.20E-26
1032.5	5.07E-26
1033	4.94E-26
1033.5	4.81E-26
1034	4.69E-26
1034.5	4.56E-26
1035	4.44E-26
1035.5	4.32E-26
1036	4.20E-26
1036.5	4.08E-26
1037	3.96E-26
1037.5	3.85E-26
1038	3.74E-26
1038.5	3.63E-26
1039	3.52E-26
1039.5	3.42E-26
1040	3.31E-26
1040.5	3.21E-26
1041	3.11E-26
1041.5	3.02E-26
1042	2.92E-26
1042.5	2.83E-26
1043	2.74E-26
1043.5	2.65E-26
1044	2.57E-26
1044.5	2.48E-26
1045	2.40E-26
1045.5	2.32E-26
1046	2.25E-26
1046.5	2.17E-26
1047	2.10E-26
1047.5	2.03E-26
1048	1.96E-26
1048.5	1.89E-26
1049	1.82E-26
1049.5	1.76E-26
1050	1.70E-26
1050.5	1.64E-26
1051	1.58E-26
1051.5	1.53E-26
1052	1.47E-26
1052.5	1.42E-26
1053	1.37E-26
1053.5	1.32E-26
1054	1.27E-26
1054.5	1.22E-26
1055	1.18E-26
1055.5	1.13E-26
1056	1.09E-26
1056.5	1.05E-26
1057	1.01E-26
1057.5	9.75E-27
1058	9.38E-27
1058.5	9.02E-27
1059	8.68E-27
1059.5	8.35E-27
1060	8.03E-27
1060.5	7.72E-27
1061	7.42E-27
1061.5	7.13E-27
1062	6.85E-27
1062.5	6.58E-27
1063	6.32E-27
1063.5	6.07E-27
1064	5.83E-27
1064.5	5.60E-27
1065	5.38E-27
1065.5	5.16E-27
1066	4.95E-27
1066.5	4.75E-27
1067	4.56E-27
1067.5	4.38E-27
1068	4.20E-27
1068.5	4.03E-27
1069	3.86E-27
1069.5	3.70E-27
1070	3.55E-27
1070.5	3.40E-27
1071	3.26E-27
1071.5	3.12E-27
1072	2.99E-27
1072.5	2.86E-27
1073	2.74E-27
1073.5	2.63E-27
1074	2.51E-27
1074.5	2.41E-27
1075	2.30E-27
1075.5	2.20E-27
1076	2.11E-27
1076.5	2.02E-27
1077	1.93E-27
1077.5	1.85E-27
1078	1.77E-27
1078.5	1.69E-27
1079	1.61E-27
1079.5	1.54E-27
1080	1.47E-27
1080.5	1.41E-27
1081	1.35E-27
1081.5	1.29E-27
1082	1.23E-27
1082.5	1.17E-27
1083	1.12E-27
1083.5	1.07E-27
1084	1.02E-27
1084.5	9.73E-28
1085	9.29E-28
1085.5	8.86E-28
1086	8.45E-28
1086.5	8.06E-28
1087	7.69E-28
1087.5	7.33E-28
1088	6.99E-28
1088.5	6.66E-28
1089	6.35E-28
1089.5	6.05E-28
1090	5.77E-28
1090.5	5.49E-28
1091	5.23E-28
1091.5	4.98E-28
1092	4.74E-28
1092.5	4.52E-28
1093	4.30E-28
1093.5	4.09E-28
1094	3.89E-28
1094.5	3.71E-28
1095	3.53E-28
1095.5	3.35E-28
1096	3.19E-28
1096.5	3.03E-28
1097	2.88E-28
1097.5	2.74E-28
1098	2.61E-28
1098.5	2.48E-28
1099	2.35E-28
1099.5	2.24E-28
1100	2.12E-28
1100.5	2.02E-28
1101	1.92E-28
1101.5	1.82E-28
1102	1.73E-28
1102.5	1.64E-28
1103	1.56E-28
1103.5	1.48E-28
1104	1.40E-28
1104.5	1.33E-28
1105	1.26E-28
1105.5	1.20E-28
1106	1.13E-28
1106.5	1.07E-28
1107	1.02E-28
1107.5	9.66E-29
1108	9.15E-29
1108.5	8.67E-29
1109	8.22E-29
1109.5	7.78E-29
1110	7.37E-29
1110.5	6.98E-29
1111	6.61E-29
1111.5	6.26E-29
1112	5.92E-29
1112.5	5.61E-29
1113	5.31E-29
1113.5	5.02E-29
1114	4.75E-29
1114.5	4.49E-29
1115	4.25E-29
1115.5	4.02E-29
1116	3.80E-29
1116.5	3.59E-29
1117	3.39E-29
1117.5	3.21E-29
1118	3.03E-29
1118.5	2.86E-29
1119	2.70E-29
1119.5	2.55E-29
1120	2.41E-29
1120.5	2.28E-29
1121	2.15E-29
1121.5	2.03E-29
1122	1.92E-29
1122.5	1.81E-29
1123	1.71E-29
1123.5	1.61E-29
1124	1.52E-29
1124.5	1.43E-29
1125	1.35E-29
1125.5	1.27E-29
1126	1.20E-29
1126.5	1.13E-29
1127	1.07E-29
1127.5	1.00E-29
1128	9.46E-30
1128.5	8.91E-30
1129	8.39E-30
1129.5	7.90E-30
1130	7.44E-30
1130.5	7.01E-30
1131	6.59E-30
1131.5	6.21E-30
1132	5.84E-30
1132.5	5.50E-30
1133	5.17E-30
1133.5	4.86E-30
1134	4.57E-30
1134.5	4.30E-30
1135	4.04E-30
1135.5	3.80E-30
1136	3.57E-30
1136.5	3.36E-30
1137	3.15E-30
1137.5	2.96E-30
1138	2.78E-30
1138.5	2.62E-30
1139	2.46E-30
1139.5	2.31E-30
1140	2.16E-30
1140.5	2.03E-30
1141	1.91E-30
1141.5	1.79E-30
1142	1.68E-30
1142.5	1.58E-30
1143	1.48E-30
1143.5	1.39E-30
1144	1.30E-30
1144.5	1.22E-30
1145	1.14E-30
1145.5	1.07E-30
1146	1.00E-30
1146.5	9.40E-31
1147	8.81E-31
1147.5	8.25E-31
1148	7.73E-31
1148.5	7.24E-31
1149	6.78E-31
1149.5	6.35E-31
1150	5.94E-31
1150.5	5.56E-31
1151	5.20E-31
1151.5	4.87E-31
1152	4.55E-31
1152.5	4.26E-31
1153	3.98E-31
1153.5	3.73E-31
1154	3.48E-31
1154.5	3.26E-31
1155	3.04E-31
1155.5	2.85E-31
1156	2.66E-31
1156.5	2.48E-31
1157	2.32E-31
1157.5	2.17E-31
1158	2.02E-31
1158.5	1.89E-31
1159	1.77E-31
1159.5	1.65E-31
1160	1.54E-31
1160.5	1.44E-31
1161	1.34E-31
1161.5	1.25E-31
1162	1.17E-31
1162.5	1.09E-31
1163	1.01E-31
1163.5	9.45E-32
1164	8.81E-32
1164.5	8.21E-32
1165	7.66E-32
1165.5	7.13E-32
1166	6.65E-32
1166.5	6.19E-32
1167	5.77E-32
1167.5	5.37E-32
1168	5.00E-32
1168.5	4.66E-32
1169	4.34E-32
1169.5	4.04E-32
1170	3.76E-32
1170.5	3.50E-32
1171	3.25E-32
1171.5	3.03E-32
1172	2.81E-32
1172.5	2.62E-32
1173	2.43E-32
1173.5	2.26E-32
1174	2.10E-32
1174.5	1.95E-32
1175	1.82E-32
1175.5	1.69E-32
1176	1.57E-32
1176.5	1.46E-32
1177	1.35E-32
1177.5	1.26E-32
1178	1.17E-32
1178.5	1.08E-32
1179	1.01E-32
1179.5	9.33E-33
1180	8.66E-33
1180.5	8.03E-33
1181	7.45E-33
1181.5	6.91E-33
1182	6.41E-33
1182.5	5.95E-33
1183	5.51E-33
1183.5	5.11E-33
1184	4.74E-33
1184.5	4.39E-33
1185	4.07E-33
1185.5	3.77E-33
1186	3.49E-33
1186.5	3.23E-33
1187	2.99E-33
1187.5	2.77E-33
1188	2.57E-33
1188.5	2.38E-33
1189	2.20E-33
1189.5	2.04E-33
1190	1.88E-33
1190.5	1.74E-33
1191	1.61E-33
1191.5	1.49E-33
1192	1.38E-33
1192.5	1.27E-33
1193	1.18E-33
1193.5	1.09E-33
1194	1.01E-33
1194.5	9.30E-34
1195	8.59E-34
1195.5	7.94E-34
1196	7.33E-34
1196.5	6.77E-34
1197	6.25E-34
1197.5	5.77E-34
1198	5.33E-34
1198.5	4.92E-34
1199	4.54E-34
1199.5	4.19E-34
1200	3.87E-34
1200.5	3.57E-34
1201	3.29E-34
1201.5	3.03E-34
1202	2.80E-34
1202.5	2.58E-34
1203	2.38E-34
1203.5	2.19E-34
1204	2.02E-34
1204.5	1.86E-34
1205	1.71E-34
1205.5	1.58E-34
1206	1.45E-34
1206.5	1.34E-34
1207	1.23E-34
1207.5	1.13E-34
1208	1.04E-34
1208.5	9.61E-35
1209	8.85E-35
1209.5	8.14E-35
1210	7.49E-35
1210.5	6.89E-35
1211	6.34E-35
1211.5	5.83E-35
1212	5.36E-35
1212.5	4.92E-35
1213	4.53E-35
1213.5	4.16E-35
1214	3.82E-35
1214.5	3.51E-35
1215	3.23E-35
1215.5	2.96E-35
1216	2.72E-35
1216.5	2.50E-35
1217	2.29E-35
1217.5	2.11E-35
1218	1.93E-35
1218.5	1.77E-35
1219	1.63E-35
1219.5	1.49E-35
1220	1.37E-35
1220.5	1.26E-35
1221	1.15E-35
1221.5	1.06E-35
1222	9.68E-36
1222.5	8.87E-36
1223	8.13E-36
1223.5	7.45E-36
1224	6.83E-36
1224.5	6.26E-36
1225	5.73E-36
1225.5	5.25E-36
1226	4.81E-36
1226.5	4.40E-36
1227	4.03E-36
1227.5	3.69E-36
1228	3.37E-36
1228.5	3.09E-36
1229	2.82E-36
1229.5	2.58E-36
1230	2.36E-36
1230.5	2.16E-36
1231	1.98E-36
1231.5	1.81E-36
1232	1.65E-36
1232.5	1.51E-36
1233	1.38E-36
1233.5	1.26E-36
1234	1.15E-36
1234.5	1.05E-36
1235	9.61E-37
1235.5	8.77E-37
1236	8.01E-37
1236.5	7.31E-37
1237	6.67E-37
1237.5	6.09E-37
1238	5.56E-37
1238.5	5.07E-37
1239	4.63E-37
1239.5	4.22E-37
1240	3.85E-37
1240.5	3.51E-37
1241	3.20E-37
1241.5	2.92E-37
1242	2.66E-37
1242.5	2.42E-37
1243	2.21E-37
1243.5	2.01E-37
1244	1.83E-37
1244.5	1.67E-37
1245	1.52E-37
1245.5	1.38E-37
1246	1.26E-37
1246.5	1.15E-37
1247	1.04E-37
1247.5	9.50E-38
1248	8.65E-38
1248.5	7.87E-38
1249	7.15E-38
1249.5	6.51E-38
1250	5.92E-38
1250.5	5.38E-38
1251	4.89E-38
1251.5	4.45E-38
1252	4.04E-38
1252.5	3.67E-38
1253	3.34E-38
1253.5	3.03E-38
1254	2.75E-38
1254.5	2.50E-38
1255	2.27E-38
1255.5	2.06E-38
1256	1.87E-38
1256.5	1.70E-38
1257	1.54E-38
1257.5	1.40E-38
1258	1.27E-38
1258.5	1.15E-38
1259	1.04E-38
1259.5	9.47E-39
1260	8.59E-39
1260.5	7.79E-39
1261	7.06E-39
1261.5	6.40E-39
1262	5.80E-39
1262.5	5.25E-39
1263	4.76E-39
1263.5	4.31E-39
1264	3.90E-39
1264.5	3.54E-39
1265	3.20E-39
1265.5	2.90E-39
1266	2.62E-39
1266.5	2.37E-39
1267	2.15E-39
1267.5	1.94E-39
1268	1.76E-39
1268.5	1.59E-39
1269	1.44E-39
1269.5	1.30E-39
1270	1.18E-39
1270.5	1.06E-39
1271	9.61E-40
1271.5	8.69E-40
1272	7.85E-40
1272.5	7.09E-40
1273	6.41E-40
1273.5	5.79E-40
1274	5.22E-40
1274.5	4.72E-40
1275	4.26E-40
1275.5	3.85E-40
1276	3.47E-40
1276.5	3.13E-40
1277	2.83E-40
1277.5	2.55E-40
1278	2.30E-40
1278.5	2.07E-40
1279	1.87E-40
1279.5	1.69E-40
1280	1.52E-40
1280.5	1.37E-40
1281	1.24E-40
1281.5	1.11E-40
1282	1.00E-40
1282.5	9.04E-41
1283	8.14E-41
1283.5	7.33E-41
1284	6.60E-41
1284.5	5.94E-41
1285	5.35E-41
1285.5	4.82E-41
1286	4.33E-41
1286.5	3.90E-41
1287	3.51E-41
1287.5	3.16E-41
1288	2.84E-41
1288.5	2.55E-41
1289	2.30E-41
1289.5	2.06E-41
1290	1.86E-41
1290.5	1.67E-41
1291	1.50E-41
1291.5	1.35E-41
1292	1.21E-41
1292.5	1.09E-41
1293	9.76E-42
1293.5	8.77E-42
1294	7.87E-42
1294.5	7.07E-42
1295	6.34E-42
1295.5	5.69E-42
1296	5.11E-42
1296.5	4.58E-42
1297	4.11E-42
1297.5	3.69E-42
1298	3.31E-42
1298.5	2.97E-42
1299	2.66E-42
1299.5	2.38E-42
1300	2.14E-42
1300.5	1.92E-42
1301	1.72E-42
1301.5	1.54E-42
1302	1.38E-42
1302.5	1.23E-42
1303	1.10E-42
1303.5	9.89E-43
1304	8.86E-43
1304.5	7.93E-43
1305	7.10E-43
1305.5	6.35E-43
1306	5.68E-43
1306.5	5.08E-43
1307	4.55E-43
1307.5	4.07E-43
1308	3.64E-43
1308.5	3.25E-43
1309	2.91E-43
1309.5	2.60E-43
1310	2.32E-43
1310.5	2.08E-43
1311	1.85E-43
1311.5	1.66E-43
1312	1.48E-43
1312.5	1.32E-43
1313	1.18E-43
1313.5	1.05E-43
1314	9.41E-44
1314.5	8.40E-44
1315	7.50E-44
1315.5	6.69E-44
1316	5.97E-44
1316.5	5.32E-44
1317	4.75E-44
1317.5	4.23E-44
1318	3.78E-44
1318.5	3.37E-44
1319	3.00E-44
1319.5	2.68E-44
1320	2.38E-44
1320.5	2.12E-44
1321	1.89E-44
1321.5	1.69E-44
1322	1.50E-44
1322.5	1.34E-44
1323	1.19E-44
1323.5	1.06E-44
1324	9.44E-45
1324.5	8.40E-45
1325	7.47E-45
1325.5	6.65E-45
1326	5.92E-45
1326.5	5.26E-45
1327	4.68E-45
1327.5	4.16E-45
1328	3.70E-45
1328.5	3.29E-45
1329	2.92E-45
1329.5	2.60E-45
1330	2.31E-45
1330.5	2.05E-45
1331	1.82E-45
1331.5	1.62E-45
1332	1.44E-45
1332.5	1.28E-45
1333	1.13E-45
1333.5	1.01E-45
1334	8.93E-46
1334.5	7.92E-46
1335	7.03E-46
1335.5	6.24E-46
1336	5.53E-46
1336.5	4.91E-46
1337	4.35E-46
1337.5	3.86E-46
1338	3.42E-46
1338.5	3.03E-46
1339	2.69E-46
1339.5	2.38E-46
1340	2.11E-46
1340.5	1.87E-46
1341	1.66E-46
1341.5	1.47E-46
1342	1.30E-46
1342.5	1.15E-46
1343	1.02E-46
1343.5	9.01E-47
1344	7.98E-47
1344.5	7.06E-47
1345	6.25E-47
1345.5	5.53E-47
1346	4.89E-47
1346.5	4.32E-47
1347	3.82E-47
1347.5	3.38E-47
1348	2.99E-47
1348.5	2.64E-47
1349	2.33E-47
1349.5	2.06E-47
1350	1.82E-47
1350.5	1.61E-47
1351	1.42E-47
1351.5	1.26E-47
1352	1.11E-47
1352.5	9.78E-48
1353	8.64E-48
1353.5	7.62E-48
1354	6.73E-48
1354.5	5.94E-48
1355	5.24E-48
1355.5	4.62E-48
1356	4.07E-48
1356.5	3.59E-48
1357	3.17E-48
1357.5	2.79E-48
1358	2.46E-48
1358.5	2.17E-48
1359	1.91E-48
1359.5	1.68E-48
1360	1.48E-48
1360.5	1.31E-48
1361	1.15E-48
1361.5	1.01E-48
1362	8.92E-49
1362.5	7.85E-49
1363	6.91E-49
1363.5	6.08E-49
1364	5.35E-49
1364.5	4.71E-49
1365	4.14E-49
1365.5	3.64E-49
1366	3.20E-49
1366.5	2.82E-49
1367	2.48E-49
1367.5	2.18E-49
1368	1.91E-49
1368.5	1.68E-49
1369	1.48E-49
1369.5	1.30E-49
1370	1.14E-49
1370.5	1.00E-49
1371	8.80E-50
1371.5	7.72E-50
1372	6.78E-50
1372.5	5.95E-50
1373	5.22E-50
1373.5	4.58E-50
1374	4.02E-50
1374.5	3.53E-50
1375	3.09E-50
1375.5	2.71E-50
1376	2.38E-50
1376.5	2.09E-50
1377	1.83E-50
1377.5	1.60E-50
1378	1.41E-50
1378.5	1.23E-50
1379	1.08E-50
1379.5	9.45E-51
1380	8.28E-51
1380.5	7.25E-51
1381	6.35E-51
1381.5	5.56E-51
1382	4.86E-51
1382.5	4.26E-51
1383	3.73E-51
1383.5	3.26E-51
1384	2.85E-51
1384.5	2.49E-51
1385	2.18E-51
1385.5	1.91E-51
1386	1.67E-51
1386.5	1.46E-51
1387	1.27E-51
1387.5	1.11E-51
1388	9.74E-52
1388.5	8.51E-52
1389	7.43E-52
1389.5	6.49E-52
1390	5.67E-52
1390.5	4.95E-52
1391	4.32E-52
1391.5	3.77E-52
1392	3.29E-52
1392.5	2.87E-52
1393	2.51E-52
1393.5	2.19E-52
1394	1.91E-52
1394.5	1.66E-52
1395	1.45E-52
1395.5	1.27E-52
1396	1.10E-52
1396.5	9.62E-53
1397	8.38E-53
1397.5	7.31E-53
1398	6.37E-53
1398.5	5.55E-53
1399	4.83E-53
1399.5	4.21E-53
1400	3.66E-53
