800	1.62E-28
800.5	1.69E-28
801	1.77E-28
801.5	1.85E-28
802	1.93E-28
802.5	2.02E-28
803	2.11E-28
803.5	2.20E-28
804	2.30E-28
804.5	2.40E-28
805	2.51E-28
805.5	2.62E-28
806	2.73E-28
806.5	2.85E-28
807	2.98E-28
807.5	3.11E-28
808	3.24E-28
808.5	3.38E-28
809	3.53E-28
809.5	3.68E-28
810	3.84E-28
810.5	4.01E-28
811	4.18E-28
811.5	4.36E-28
812	4.54E-28
812.5	4.73E-28
813	4.94E-28
813.5	5.14E-28
814	5.36E-28
814.5	5.59E-28
815	5.82E-28
815.5	6.06E-28
816	6.32E-28
816.5	6.58E-28
817	6.85E-28
817.5	7.14E-28
818	7.43E-28
818.5	7.74E-28
819	8.05E-28
819.5	8.38E-28
820	8.73E-28
820.5	9.08E-28
821	9.46E-28
821.5	9.84E-28
822	1.02E-27
822.5	1.07E-27
823	1.11E-27
823.5	1.15E-27
824	1.20E-27
824.5	1.25E-27
825	1.30E-27
825.5	1.35E-27
826	1.40E-27
826.5	1.46E-27
827	1.52E-27
827.5	1.58E-27
828	1.64E-27
828.5	1.71E-27
829	1.78E-27
829.5	1.85E-27
830	1.92E-27
830.5	2.00E-27
831	2.08E-27
831.5	2.16E-27
832	2.24E-27
832.5	2.33E-27
833	2.42E-27
833.5	2.52E-27
834	2.62E-27
834.5	2.72E-27
835	2.83E-27
835.5	2.94E-27
836	3.06E-27
836.5	3.18E-27
837	3.31E-27
837.5	3.44E-27
838	3.57E-27
838.5	3.71E-27
839	3.86E-27
839.5	4.01E-27
840	4.17E-27
840.5	4.34E-27
841	4.51E-27
841.5	4.69E-27
842	4.88E-27
842.5	5.07E-27
843	5.27E-27
843.5	5.48E-27
844	5.70E-27
844.5	5.93E-27
845	6.16E-27
845.5	6.41E-27
846	6.67E-27
846.5	6.93E-27
847	7.21E-27
847.5	7.50E-27
848	7.80E-27
848.5	8.11E-27
849	8.44E-27
849.5	8.78E-27
850	9.13E-27
850.5	9.50E-27
851	9.88E-27
851.5	1.03E-26
852	1.07E-26
852.5	1.11E-26
853	1.16E-26
853.5	1.20E-26
854	1.25E-26
854.5	1.30E-26
855	1.36E-26
855.5	1.41E-26
856	1.47E-26
856.5	1.53E-26
857	1.59E-26
857.5	1.66E-26
858	1.72E-26
858.5	1.79E-26
859	1.87E-26
859.5	1.94E-26
860	2.02E-26
860.5	2.10E-26
861	2.19E-26
861.5	2.27E-26
862	2.37E-26
862.5	2.46E-26
863	2.56E-26
863.5	2.66E-26
864	2.77E-26
864.5	2.88E-26
865	3.00E-26
865.5	3.12E-26
866	3.24E-26
866.5	3.37E-26
867	3.50E-26
867.5	3.64E-26
868	3.79E-26
868.5	3.94E-26
869	4.09E-26
869.5	4.25E-26
870	4.42E-26
870.5	4.59E-26
871	4.77E-26
871.5	4.95E-26
872	5.14E-26
872.5	5.34E-26
873	5.54E-26
873.5	5.75E-26
874	5.97E-26
874.5	6.20E-26
875	6.43E-26
875.5	6.67E-26
876	6.92E-26
876.5	7.17E-26
877	7.44E-26
877.5	7.71E-26
878	7.99E-26
878.5	8.28E-26
879	8.58E-26
879.5	8.89E-26
880	9.20E-26
880.5	9.53E-26
881	9.86E-26
881.5	1.02E-25
882	1.06E-25
882.5	1.09E-25
883	1.13E-25
883.5	1.17E-25
884	1.21E-25
884.5	1.25E-25
885	1.29E-25
885.5	1.33E-25
886	1.38E-25
886.5	1.42E-25
887	1.47E-25
887.5	1.51E-25
888	1.56E-25
888.5	1.61E-25
889	1.66E-25
889.5	1.71E-25
890	1.76E-25
890.5	1.82E-25
891	1.87E-25
891.5	1.92E-25
892	1.98E-25
892.5	2.04E-25
893	2.10E-25
893.5	2.16E-25
894	2.22E-25
894.5	2.28E-25
895	2.34E-25
895.5	2.40E-25
896	2.47E-25
896.5	2.53E-25
897	2.60E-25
897.5	2.66E-25
898	2.73E-25
898.5	2.80E-25
899	2.86E-25
899.5	2.93E-25
900	3.00E-25
900.5	3.07E-25
901	3.14E-25
901.5	3.21E-25
902	3.28E-25
902.5	3.35E-25
903	3.42E-25
903.5	3.49E-25
904	3.56E-25
904.5	3.62E-25
905	3.69E-25
905.5	3.75E-25
906	3.82E-25
906.5	3.88E-25
907	3.94E-25
907.5	4.00E-25
908	4.05E-25
908.5	4.11E-25
909	4.16E-25
909.5	4.21E-25
910	4.25E-25
910.5	4.29E-25
911	4.33E-25
911.5	4.36E-25
912	4.39E-25
912.5	4.41E-25
913	4.43E-25
913.5	4.44E-25
914	4.45E-25
914.5	4.46E-25
915	4.46E-25
915.5	4.45E-25
916	4.44E-25
916.5	4.43E-25
917	4.41E-25
917.5	4.39E-25
918	4.37E-25
918.5	4.34E-25
919	4.31E-25
919.5	4.27E-25
920	4.24E-25
920.5	4.20E-25
921	4.16E-25
921.5	4.12E-25
922	4.09E-25
922.5	4.05E-25
923	4.01E-25
923.5	3.97E-25
924	3.94E-25
924.5	3.91E-25
925	3.87E-25
925.5	3.85E-25
926	3.82E-25
926.5	3.80E-25
927	3.77E-25
927.5	3.75E-25
928	3.74E-25
928.5	3.72E-25
929	3.71E-25
929.5	3.70E-25
930	3.69E-25
930.5	3.68E-25
931	3.67E-25
931.5	3.66E-25
932	3.65E-25
932.5	3.64E-25
933	3.63E-25
933.5	3.62E-25
934	3.61E-25
934.5	3.59E-25
935	3.58E-25
935.5	3.56E-25
936	3.54E-25
936.5	3.52E-25
937	3.49E-25
937.5	3.47E-25
938	3.44E-25
938.5	3.41E-25
939	3.38E-25
939.5	3.35E-25
940	3.31E-25
940.5	3.28E-25
941	3.24E-25
941.5	3.21E-25
942	3.17E-25
942.5	3.14E-25
943	3.10E-25
943.5	3.07E-25
944	3.04E-25
944.5	3.01E-25
945	2.98E-25
945.5	2.95E-25
946	2.92E-25
946.5	2.90E-25
947	2.88E-25
947.5	2.86E-25
948	2.84E-25
948.5	2.82E-25
949	2.81E-25
949.5	2.80E-25
950	2.79E-25
950.5	2.79E-25
951	2.79E-25
951.5	2.79E-25
952	2.79E-25
952.5	2.79E-25
953	2.80E-25
953.5	2.81E-25
954	2.81E-25
954.5	2.82E-25
955	2.84E-25
955.5	2.85E-25
956	2.86E-25
956.5	2.88E-25
957	2.89E-25
957.5	2.91E-25
958	2.92E-25
958.5	2.94E-25
959	2.95E-25
959.5	2.97E-25
960	2.98E-25
960.5	3.00E-25
961	3.01E-25
961.5	3.02E-25
962	3.04E-25
962.5	3.05E-25
963	3.06E-25
963.5	3.07E-25
964	3.08E-25
964.5	3.09E-25
965	3.10E-25
965.5	3.11E-25
966	3.13E-25
966.5	3.15E-25
967	3.18E-25
967.5	3.23E-25
968	3.29E-25
968.5	3.39E-25
969	3.55E-25
969.5	3.78E-25
970	4.13E-25
970.5	4.65E-25
971	5.37E-25
971.5	6.36E-25
972	7.63E-25
972.5	9.18E-25
973	1.09E-24
973.5	1.28E-24
974	1.47E-24
974.5	1.63E-24
975	1.75E-24
975.5	1.81E-24
976	1.82E-24
976.5	1.75E-24
977	1.64E-24
977.5	1.48E-24
978	1.30E-24
978.5	1.12E-24
979	9.51E-25
979.5	8.02E-25
980	6.77E-25
980.5	5.78E-25
981	5.01E-25
981.5	4.41E-25
982	3.96E-25
982.5	3.60E-25
983	3.32E-25
983.5	3.09E-25
984	2.89E-25
984.5	2.72E-25
985	2.58E-25
985.5	2.45E-25
986	2.35E-25
986.5	2.26E-25
987	2.18E-25
987.5	2.11E-25
988	2.05E-25
988.5	2.00E-25
989	1.95E-25
989.5	1.91E-25
990	1.87E-25
990.5	1.84E-25
991	1.81E-25
991.5	1.77E-25
992	1.74E-25
992.5	1.71E-25
993	1.69E-25
993.5	1.66E-25
994	1.63E-25
994.5	1.61E-25
995	1.58E-25
995.5	1.55E-25
996	1.53E-25
996.5	1.50E-25
997	1.48E-25
997.5	1.46E-25
998	1.43E-25
998.5	1.41E-25
999	1.39E-25
999.5	1.36E-25
1000	1.34E-25
1000.5	1.32E-25
1001	1.30E-25
1001.5	1.28E-25
1002	1.26E-25
1002.5	1.24E-25
1003	1.22E-25
1003.5	1.20E-25
1004	1.18E-25
1004.5	1.16E-25
1005	1.14E-25
1005.5	1.12E-25
1006	1.10E-25
1006.5	1.09E-25
1007	1.07E-25
1007.5	1.05E-25
1008	1.03E-25
1008.5	1.02E-25
1009	1.00E-25
1009.5	9.84E-26
1010	9.68E-26
1010.5	9.52E-26
1011	9.36E-26
1011.5	9.20E-26
1012	9.05E-26
1012.5	8.90E-26
1013	8.75E-26
1013.5	8.60E-26
1014	8.45E-26
1014.5	8.31E-26
1015	8.17E-26
1015.5	8.03E-26
1016	7.89E-26
1016.5	7.76E-26
1017	7.62E-26
1017.5	7.49E-26
1018	7.36E-26
1018.5	7.23E-26
1019	7.10E-26
1019.5	6.97E-26
1020	6.85E-26
1020.5	6.73E-26
1021	6.61E-26
1021.5	6.49E-26
1022	6.37E-26
1022.5	6.25E-26
1023	6.14E-26
1023.5	6.02E-26
1024	5.91E-26
1024.5	5.80E-26
1025	5.69E-26
1025.5	5.59E-26
1026	5.48E-26
1026.5	5.37E-26
1027	5.27E-26
1027.5	5.17E-26
1028	5.07E-26
1028.5	4.97E-26
1029	4.87E-26
1029.5	4.78E-26
1030	4.68E-26
1030.5	4.59E-26
1031	4.50E-26
1031.5	4.40E-26
1032	4.31E-26
1032.5	4.23E-26
1033	4.14E-26
1033.5	4.05E-26
1034	3.97E-26
1034.5	3.89E-26
1035	3.80E-26
1035.5	3.72E-26
1036	3.64E-26
1036.5	3.57E-26
1037	3.49E-26
1037.5	3.41E-26
1038	3.34E-26
1038.5	3.26E-26
1039	3.19E-26
1039.5	3.12E-26
1040	3.05E-26
1040.5	2.98E-26
1041	2.92E-26
1041.5	2.85E-26
1042	2.78E-26
1042.5	2.72E-26
1043	2.66E-26
1043.5	2.60E-26
1044	2.54E-26
1044.5	2.48E-26
1045	2.42E-26
1045.5	2.36E-26
1046	2.30E-26
1046.5	2.25E-26
1047	2.19E-26
1047.5	2.14E-26
1048	2.09E-26
1048.5	2.04E-26
1049	1.99E-26
1049.5	1.94E-26
1050	1.89E-26
1050.5	1.84E-26
1051	1.79E-26
1051.5	1.75E-26
1052	1.70E-26
1052.5	1.66E-26
1053	1.62E-26
1053.5	1.58E-26
1054	1.54E-26
1054.5	1.49E-26
1055	1.46E-26
1055.5	1.42E-26
1056	1.38E-26
1056.5	1.34E-26
1057	1.31E-26
1057.5	1.27E-26
1058	1.24E-26
1058.5	1.20E-26
1059	1.17E-26
1059.5	1.14E-26
1060	1.11E-26
1060.5	1.08E-26
1061	1.05E-26
1061.5	1.02E-26
1062	9.88E-27
1062.5	9.60E-27
1063	9.32E-27
1063.5	9.06E-27
1064	8.80E-27
1064.5	8.54E-27
1065	8.30E-27
1065.5	8.05E-27
1066	7.82E-27
1066.5	7.59E-27
1067	7.36E-27
1067.5	7.15E-27
1068	6.93E-27
1068.5	6.73E-27
1069	6.52E-27
1069.5	6.33E-27
1070	6.13E-27
1070.5	5.95E-27
1071	5.76E-27
1071.5	5.59E-27
1072	5.41E-27
1072.5	5.25E-27
1073	5.08E-27
1073.5	4.92E-27
1074	4.77E-27
1074.5	4.62E-27
1075	4.47E-27
1075.5	4.33E-27
1076	4.19E-27
1076.5	4.06E-27
1077	3.93E-27
1077.5	3.80E-27
1078	3.68E-27
1078.5	3.56E-27
1079	3.44E-27
1079.5	3.33E-27
1080	3.22E-27
1080.5	3.11E-27
1081	3.01E-27
1081.5	2.91E-27
1082	2.81E-27
1082.5	2.71E-27
1083	2.62E-27
1083.5	2.53E-27
1084	2.45E-27
1084.5	2.36E-27
1085	2.28E-27
1085.5	2.20E-27
1086	2.13E-27
1086.5	2.05E-27
1087	1.98E-27
1087.5	1.91E-27
1088	1.84E-27
1088.5	1.78E-27
1089	1.71E-27
1089.5	1.65E-27
1090	1.59E-27
1090.5	1.54E-27
1091	1.48E-27
1091.5	1.43E-27
1092	1.38E-27
1092.5	1.33E-27
1093	1.28E-27
1093.5	1.23E-27
1094	1.19E-27
1094.5	1.14E-27
1095	1.10E-27
1095.5	1.06E-27
1096	1.02E-27
1096.5	9.81E-28
1097	9.44E-28
1097.5	9.09E-28
1098	8.74E-28
1098.5	8.41E-28
1099	8.09E-28
1099.5	7.78E-28
1100	7.48E-28
1100.5	7.19E-28
1101	6.91E-28
1101.5	6.64E-28
1102	6.39E-28
1102.5	6.14E-28
1103	5.90E-28
1103.5	5.66E-28
1104	5.44E-28
1104.5	5.22E-28
1105	5.02E-28
1105.5	4.82E-28
1106	4.62E-28
1106.5	4.44E-28
1107	4.26E-28
1107.5	4.09E-28
1108	3.92E-28
1108.5	3.76E-28
1109	3.61E-28
1109.5	3.46E-28
1110	3.32E-28
1110.5	3.18E-28
1111	3.05E-28
1111.5	2.92E-28
1112	2.80E-28
1112.5	2.68E-28
1113	2.57E-28
1113.5	2.46E-28
1114	2.36E-28
1114.5	2.26E-28
1115	2.16E-28
1115.5	2.07E-28
1116	1.98E-28
1116.5	1.90E-28
1117	1.82E-28
1117.5	1.74E-28
1118	1.66E-28
1118.5	1.59E-28
1119	1.52E-28
1119.5	1.46E-28
1120	1.39E-28
1120.5	1.33E-28
1121	1.27E-28
1121.5	1.22E-28
1122	1.16E-28
1122.5	1.11E-28
1123	1.06E-28
1123.5	1.01E-28
1124	9.68E-29
1124.5	9.25E-29
1125	8.83E-29
1125.5	8.43E-29
1126	8.05E-29
1126.5	7.68E-29
1127	7.33E-29
1127.5	7.00E-29
1128	6.67E-29
1128.5	6.37E-29
1129	6.07E-29
1129.5	5.79E-29
1130	5.52E-29
1130.5	5.27E-29
1131	5.02E-29
1131.5	4.78E-29
1132	4.56E-29
1132.5	4.35E-29
1133	4.14E-29
1133.5	3.94E-29
1134	3.76E-29
1134.5	3.58E-29
1135	3.41E-29
1135.5	3.24E-29
1136	3.09E-29
1136.5	2.94E-29
1137	2.80E-29
1137.5	2.66E-29
1138	2.53E-29
1138.5	2.41E-29
1139	2.29E-29
1139.5	2.18E-29
1140	2.07E-29
1140.5	1.97E-29
1141	1.87E-29
1141.5	1.78E-29
1142	1.69E-29
1142.5	1.61E-29
1143	1.53E-29
1143.5	1.45E-29
1144	1.38E-29
1144.5	1.31E-29
1145	1.24E-29
1145.5	1.18E-29
1146	1.12E-29
1146.5	1.06E-29
1147	1.01E-29
1147.5	9.58E-30
1148	9.09E-30
1148.5	8.62E-30
1149	8.18E-30
1149.5	7.76E-30
1150	7.36E-30
1150.5	6.97E-30
1151	6.61E-30
1151.5	6.27E-30
1152	5.94E-30
1152.5	5.63E-30
1153	5.33E-30
1153.5	5.05E-30
1154	4.79E-30
1154.5	4.53E-30
1155	4.29E-30
1155.5	4.06E-30
1156	3.85E-30
1156.5	3.64E-30
1157	3.45E-30
1157.5	3.26E-30
1158	3.09E-30
1158.5	2.92E-30
1159	2.76E-30
1159.5	2.61E-30
1160	2.47E-30
1160.5	2.33E-30
1161	2.21E-30
1161.5	2.09E-30
1162	1.97E-30
1162.5	1.86E-30
1163	1.76E-30
1163.5	1.66E-30
1164	1.57E-30
1164.5	1.48E-30
1165	1.40E-30
1165.5	1.32E-30
1166	1.25E-30
1166.5	1.18E-30
1167	1.11E-30
1167.5	1.05E-30
1168	9.91E-31
1168.5	9.35E-31
1169	8.82E-31
1169.5	8.31E-31
1170	7.84E-31
1170.5	7.39E-31
1171	6.97E-31
1171.5	6.57E-31
1172	6.19E-31
1172.5	5.83E-31
1173	5.50E-31
1173.5	5.18E-31
1174	4.88E-31
1174.5	4.59E-31
1175	4.33E-31
1175.5	4.07E-31
1176	3.83E-31
1176.5	3.61E-31
1177	3.40E-31
1177.5	3.20E-31
1178	3.01E-31
1178.5	2.83E-31
1179	2.66E-31
1179.5	2.50E-31
1180	2.35E-31
1180.5	2.21E-31
1181	2.08E-31
1181.5	1.96E-31
1182	1.84E-31
1182.5	1.73E-31
1183	1.62E-31
1183.5	1.52E-31
1184	1.43E-31
1184.5	1.35E-31
1185	1.26E-31
1185.5	1.19E-31
1186	1.11E-31
1186.5	1.05E-31
1187	9.81E-32
1187.5	9.21E-32
1188	8.64E-32
1188.5	8.10E-32
1189	7.60E-32
1189.5	7.13E-32
1190	6.69E-32
1190.5	6.27E-32
1191	5.88E-32
1191.5	5.51E-32
1192	5.16E-32
1192.5	4.84E-32
1193	4.53E-32
1193.5	4.25E-32
1194	3.98E-32
1194.5	3.73E-32
1195	3.49E-32
1195.5	3.27E-32
1196	3.06E-32
1196.5	2.86E-32
1197	2.68E-32
1197.5	2.51E-32
1198	2.35E-32
1198.5	2.19E-32
1199	2.05E-32
1199.5	1.92E-32
1200	1.80E-32
1200.5	1.68E-32
1201	1.57E-32
1201.5	1.47E-32
1202	1.37E-32
1202.5	1.28E-32
1203	1.20E-32
1203.5	1.12E-32
1204	1.04E-32
1204.5	9.76E-33
1205	9.11E-33
1205.5	8.51E-33
1206	7.94E-33
1206.5	7.42E-33
1207	6.92E-33
1207.5	6.46E-33
1208	6.03E-33
1208.5	5.62E-33
1209	5.24E-33
1209.5	4.89E-33
1210	4.56E-33
1210.5	4.25E-33
1211	3.96E-33
1211.5	3.70E-33
1212	3.44E-33
1212.5	3.21E-33
1213	2.99E-33
1213.5	2.79E-33
1214	2.60E-33
1214.5	2.42E-33
1215	2.25E-33
1215.5	2.10E-33
1216	1.95E-33
1216.5	1.82E-33
1217	1.69E-33
1217.5	1.57E-33
1218	1.46E-33
1218.5	1.36E-33
1219	1.27E-33
1219.5	1.18E-33
1220	1.10E-33
1220.5	1.02E-33
1221	9.47E-34
1221.5	8.81E-34
1222	8.18E-34
1222.5	7.61E-34
1223	7.07E-34
1223.5	6.57E-34
1224	6.10E-34
1224.5	5.66E-34
1225	5.26E-34
1225.5	4.88E-34
1226	4.53E-34
1226.5	4.21E-34
1227	3.91E-34
1227.5	3.63E-34
1228	3.36E-34
1228.5	3.12E-34
1229	2.89E-34
1229.5	2.69E-34
1230	2.49E-34
1230.5	2.31E-34
1231	2.14E-34
1231.5	1.98E-34
1232	1.84E-34
1232.5	1.70E-34
1233	1.58E-34
1233.5	1.46E-34
1234	1.36E-34
1234.5	1.26E-34
1235	1.16E-34
1235.5	1.08E-34
1236	9.96E-35
1236.5	9.22E-35
1237	8.54E-35
1237.5	7.90E-35
1238	7.31E-35
1238.5	6.76E-35
1239	6.26E-35
1239.5	5.79E-35
1240	5.35E-35
1240.5	4.95E-35
1241	4.57E-35
1241.5	4.23E-35
1242	3.91E-35
1242.5	3.61E-35
1243	3.34E-35
1243.5	3.08E-35
1244	2.85E-35
1244.5	2.63E-35
1245	2.43E-35
1245.5	2.24E-35
1246	2.07E-35
1246.5	1.91E-35
1247	1.76E-35
1247.5	1.63E-35
1248	1.50E-35
1248.5	1.39E-35
1249	1.28E-35
1249.5	1.18E-35
1250	1.09E-35
1250.5	1.00E-35
1251	9.25E-36
1251.5	8.52E-36
1252	7.86E-36
1252.5	7.24E-36
1253	6.67E-36
1253.5	6.15E-36
1254	5.66E-36
1254.5	5.21E-36
1255	4.80E-36
1255.5	4.42E-36
1256	4.07E-36
1256.5	3.75E-36
1257	3.45E-36
1257.5	3.17E-36
1258	2.92E-36
1258.5	2.69E-36
1259	2.47E-36
1259.5	2.27E-36
1260	2.09E-36
1260.5	1.92E-36
1261	1.77E-36
1261.5	1.62E-36
1262	1.49E-36
1262.5	1.37E-36
1263	1.26E-36
1263.5	1.16E-36
1264	1.06E-36
1264.5	9.78E-37
1265	8.98E-37
1265.5	8.24E-37
1266	7.57E-37
1266.5	6.95E-37
1267	6.38E-37
1267.5	5.85E-37
1268	5.37E-37
1268.5	4.93E-37
1269	4.52E-37
1269.5	4.15E-37
1270	3.80E-37
1270.5	3.49E-37
1271	3.20E-37
1271.5	2.93E-37
1272	2.69E-37
1272.5	2.46E-37
1273	2.25E-37
1273.5	2.07E-37
1274	1.89E-37
1274.5	1.73E-37
1275	1.59E-37
1275.5	1.45E-37
1276	1.33E-37
1276.5	1.22E-37
1277	1.12E-37
1277.5	1.02E-37
1278	9.34E-38
1278.5	8.54E-38
1279	7.81E-38
1279.5	7.15E-38
1280	6.54E-38
1280.5	5.98E-38
1281	5.46E-38
1281.5	5.00E-38
1282	4.57E-38
1282.5	4.17E-38
1283	3.81E-38
1283.5	3.48E-38
1284	3.18E-38
1284.5	2.91E-38
1285	2.65E-38
1285.5	2.42E-38
1286	2.21E-38
1286.5	2.02E-38
1287	1.84E-38
1287.5	1.68E-38
1288	1.54E-38
1288.5	1.40E-38
1289	1.28E-38
1289.5	1.17E-38
1290	1.06E-38
1290.5	9.69E-39
1291	8.84E-39
1291.5	8.06E-39
1292	7.34E-39
1292.5	6.69E-39
1293	6.10E-39
1293.5	5.56E-39
1294	5.06E-39
1294.5	4.61E-39
1295	4.20E-39
1295.5	3.82E-39
1296	3.48E-39
1296.5	3.17E-39
1297	2.88E-39
1297.5	2.62E-39
1298	2.39E-39
1298.5	2.17E-39
1299	1.98E-39
1299.5	1.80E-39
1300	1.64E-39
1300.5	1.49E-39
1301	1.35E-39
1301.5	1.23E-39
1302	1.12E-39
1302.5	1.02E-39
1303	9.22E-40
1303.5	8.38E-40
1304	7.61E-40
1304.5	6.92E-40
1305	6.28E-40
1305.5	5.70E-40
1306	5.18E-40
1306.5	4.70E-40
1307	4.27E-40
1307.5	3.87E-40
1308	3.51E-40
1308.5	3.19E-40
1309	2.89E-40
1309.5	2.62E-40
1310	2.38E-40
1310.5	2.16E-40
1311	1.96E-40
1311.5	1.77E-40
1312	1.61E-40
1312.5	1.46E-40
1313	1.32E-40
1313.5	1.20E-40
1314	1.08E-40
1314.5	9.81E-41
1315	8.88E-41
1315.5	8.05E-41
1316	7.28E-41
1316.5	6.59E-41
1317	5.97E-41
1317.5	5.40E-41
1318	4.89E-41
1318.5	4.42E-41
1319	4.00E-41
1319.5	3.62E-41
1320	3.27E-41
1320.5	2.96E-41
1321	2.68E-41
1321.5	2.42E-41
1322	2.19E-41
1322.5	1.98E-41
1323	1.79E-41
1323.5	1.61E-41
1324	1.46E-41
1324.5	1.32E-41
1325	1.19E-41
1325.5	1.07E-41
1326	9.69E-42
1326.5	8.75E-42
1327	7.90E-42
1327.5	7.13E-42
1328	6.43E-42
1328.5	5.80E-42
1329	5.24E-42
1329.5	4.72E-42
1330	4.26E-42
1330.5	3.84E-42
1331	3.46E-42
1331.5	3.12E-42
1332	2.81E-42
1332.5	2.54E-42
1333	2.28E-42
1333.5	2.06E-42
1334	1.85E-42
1334.5	1.67E-42
1335	1.50E-42
1335.5	1.35E-42
1336	1.22E-42
1336.5	1.10E-42
1337	9.88E-43
1337.5	8.90E-43
1338	8.00E-43
1338.5	7.20E-43
1339	6.48E-43
1339.5	5.83E-43
1340	5.24E-43
1340.5	4.71E-43
1341	4.24E-43
1341.5	3.81E-43
1342	3.42E-43
1342.5	3.08E-43
1343	2.77E-43
1343.5	2.48E-43
1344	2.23E-43
1344.5	2.00E-43
1345	1.80E-43
1345.5	1.62E-43
1346	1.45E-43
1346.5	1.30E-43
1347	1.17E-43
1347.5	1.05E-43
1348	9.42E-44
1348.5	8.45E-44
1349	7.58E-44
1349.5	6.80E-44
1350	6.10E-44
1350.5	5.47E-44
1351	4.91E-44
1351.5	4.40E-44
1352	3.94E-44
1352.5	3.53E-44
1353	3.17E-44
1353.5	2.84E-44
1354	2.54E-44
1354.5	2.28E-44
1355	2.04E-44
1355.5	1.83E-44
1356	1.63E-44
1356.5	1.46E-44
1357	1.31E-44
1357.5	1.17E-44
1358	1.05E-44
1358.5	9.38E-45
1359	8.40E-45
1359.5	7.51E-45
1360	6.72E-45
1360.5	6.01E-45
1361	5.37E-45
1361.5	4.80E-45
1362	4.29E-45
1362.5	3.84E-45
1363	3.43E-45
1363.5	3.06E-45
1364	2.74E-45
1364.5	2.44E-45
1365	2.18E-45
1365.5	1.95E-45
1366	1.74E-45
1366.5	1.55E-45
1367	1.39E-45
1367.5	1.24E-45
1368	1.10E-45
1368.5	9.85E-46
1369	8.79E-46
1369.5	7.84E-46
1370	6.99E-46
1370.5	6.24E-46
1371	5.56E-46
1371.5	4.96E-46
1372	4.42E-46
1372.5	3.94E-46
1373	3.51E-46
1373.5	3.13E-46
1374	2.79E-46
1374.5	2.48E-46
1375	2.21E-46
1375.5	1.97E-46
1376	1.75E-46
1376.5	1.56E-46
1377	1.39E-46
1377.5	1.24E-46
1378	1.10E-46
1378.5	9.78E-47
1379	8.70E-47
1379.5	7.74E-47
1380	6.89E-47
1380.5	6.12E-47
1381	5.44E-47
1381.5	4.84E-47
1382	4.30E-47
1382.5	3.82E-47
1383	3.40E-47
1383.5	3.02E-47
1384	2.68E-47
1384.5	2.38E-47
1385	2.12E-47
1385.5	1.88E-47
1386	1.67E-47
1386.5	1.48E-47
1387	1.31E-47
1387.5	1.17E-47
1388	1.04E-47
1388.5	9.19E-48
1389	8.15E-48
1389.5	7.23E-48
1390	6.41E-48
1390.5	5.69E-48
1391	5.04E-48
1391.5	4.47E-48
1392	3.96E-48
1392.5	3.51E-48
1393	3.11E-48
1393.5	2.76E-48
1394	2.44E-48
1394.5	2.16E-48
1395	1.92E-48
1395.5	1.70E-48
1396	1.50E-48
1396.5	1.33E-48
1397	1.18E-48
1397.5	1.04E-48
1398	9.22E-49
1398.5	8.16E-49
1399	7.22E-49
1399.5	6.39E-49
1400	5.65E-49
